0.0005
0.6621
0.2124
0.3958
0.3174
0.8499
0.7857
0.7307
0.9769
0.9258
0.0044
0.0093
0.3122
0.3944
0.5867
0.9703
0.3785
0.8816
0.9266
0.3097
0.2206
0.407
0.9271
0.127
0.1919
0.7195
0.8801
0.8192
0.7715
0.0779
0.7686
0.0567
0.5472
0.805
0.1222
0.404
0.1438
0.6988
0.4244
0.0519
0.0667
0.0558
0.1592
0.683
0.2531
0.3322
0.5924
0.379
0.2256
0.7255
0.1198
0.1584
0.8719
0.4692
0.9131
0.6877
0.2948
0.3059
0.8287
0.3184
0.7201
0.8542
0.3165
0.0206
0.541
0.7923
0.314
0.2258
0.8378
0.4667
0.1745
0.4558
0.2192
0.0469
0.8578
0.6505
0.4887
0.7986
0.0335
0.3781
0.1166
0.9209
0.9556
0.7403
0.1958
0.2567
0.5287
0.4899
0.7146
0.7152
0.932
0.7014
0.824
0.8417
0.7747
0.3222
0.9167
0.3206
0.2656
0.2168